823800906
37089758
36246119
32674723
32663808
32139688
32117823
31584896
31014468
29487293
25293607
25093494
25058181
24973988
20052841
19385565
16942603
16837152
16496545
15786133
14966341
13737346
13040087
12945569
12320260
12202913
12050007
12047755
11935032
11711625
10973672
10855493
10429130
10256048
10244619
9083678
8506177
8140984
8041544
7306013
6580041
6532621
6418464
6374246
6308067
6131547
6073861
6058365
6048094
6027955
5868830
5865047
5854215
5751103
5716550
5695609
5660673
5562572
5502295
5278562
5233231
5086327
5064894
5037698
5026984
4982136
4945202
4916630
4824663
4751461
4720921
4650401
4582602
4579558
4264192
4224694
4222459
4204757
4156170
4114096
4069875
4046474
4022026
3998822
3992203
3962728
3951477
3938898
3905558
3880773
3854448
3833430
3808838
3798214
3777531
3751975
3729476
3689591
3688108
3636973
3628472
3583315
3580362
3568578
3543083
3526547
3524994
3512459
3493273
3450842
3419464
3379787
3371733
3286115
3274081
3251575
3244107
3234863
3199844
3185347
3183157
3181828
3154865
3147299
3128067
3124871
3107158
3081284
3075200
3030908
3010829
3009760
3001912
2982668
2974495
2954279
2928807
2928726
2867993
2862780
2861668
2856724
2852297
2844515
2819895
2800135
2796420
2796313
2788603
2770439
2769511
2765951
2760662
2739896
2732282
2692044
2682915
2680912
2670766
2654632
2638381
2630314
2621688
2594502
2587650
2566620
2562407
2536051
2500444
2488900
2464773
2447543
2443813
2418216
2377991
2376335
2366357
2355103
2313737
2311891
2298831
2298014
2291329
2284051
2275760
2275658
2274407
2273066
2270276
2270266
2259194
2225989
2210798
2210002
2199233
2198822
2196784
2175948
2168643
2161255
2149759
2143649
2138023
2117350
2081869
2072874
2033123
2030806
2025118
2018476
2017611
2017364
2007490
2001356
1999150
1981181
1980885
1980349
1979307
1968487
1951189
1947310
1945723
1922520
1920852
1907467
1901929
1901924
1889511
1887776
1886239
1884925
1878817
1873561
1864158
1859107
1847199
1839387
1835566
1832463
1805190
1802911
1799485
1787699
1782835
1782362
1775386
1764206
1763659
1749282
1731618
1728473
1723196
1703903
1702652
1701661
1700881
1687253
1678546
1675102
1672096
1667382
1665278
1661534
1660470
1639984
1627007
1626836
1615737
1599922
1590637
1581112
1579815
1572983
1571870
1570227
1568280
1557912
1555439
1540836
1528246
1523196
1521855
1519889
1519855
1515057
1513608
1510510
1498925
1498717
1491554
1490987
1467370
1459240
1457109
1452094
1449024
1445621
1442280
1434784
1431695
1407050
1405737
1402923
1399906
1391863
1385739
1385355
1382652
1378140
1376276
1372767
1371331
1371204
1369385
1351653
1347008
1345229
1335250
1322160
1321518
1313865
1313678
1303821
1299453
1298677
1296243
1286160
1283619
1279360
1270378
1270358
1264818
1259152
1252519
1244508
1236435
1228776
1225491
1223401
1222577
1220273
1217067
1197490
1193523
1186255
1185868
1180268
1177863
1177629
1177501
1174982
1172273
1168601
1167409
1152967
1151408
1149624
1142511
1139914
1137315
1126872
1124207
1119303
1117112
1111749
1111571
1111467
1107957
1099626
1094505
1092942
1090311
1089511
1088801
1087531
1080675
1078170
1071286
1064178
1053758
1051653
1049477
1047646
1046557
1042030
1037481
1037373
1035177
1029777
1025788
1023253
1016505
1012323
1010609
1006479
1002624
1002426
998942
998680
988586
982321
980861
974301
971197
970770
967737
967187
958446
955150
943690
942550
941618
940846
939682
939356
938205
936000
933880
932874
932335
930514
929366
919700
917402
917145
908993
906997
906532
904406
902144
897584
896051
887838
885264
882881
878778
875590
875354
873865
872481
870761
870543
867590
862020
860095
857778
851442
847049
842925
839962
837372
836287
831211
822158
820828
817871
817804
812492
810257
804183
803879
801436
798613
798305
797597
792422
791563
777691
774005
772042
770410
768852
766120
763179
756417
745318
744067
743214
737276
737274
735605
734942
729972
727184
718510
717748
712463
711209
703408
701224
695357
695219
689951
689347
682919
681633
678640
678338
676311
669005
668442
668223
667777
663455
662999
660055
656830
651562
646880
645937
642871
642111
630890
630724
630089
625581
622179
621598
618554
615108
613082
610389
610097
609817
608491
607481
607451
607214
605120
603298
602090
597002
593312
592749
592300
591885
591273
585608
583939
583886
583785
581483
581212
576288
573716
569613
566346
565643
563444
562599
561888
560573
554898
550453
550245
543348
538244
537018
534101
531625
531454
528579
528382
520187
518582
517412
516725
515949
515033
512537
511492
511487
509095
508596
507915
505599
505476
495417
492868
492053
490326
486536
482373
481225
478036
477867
472972
471738
470258
466244
466095
462833
459472
456761
451037
447219
446939
444448
441832
440589
439413
439325
437037
433708
432119
430867
429027
427526
425158
424244
422619
421886
420512
417369
417101
416815
414421
412739
411774
411077
410419
409368
406574
405329
404306
403059
398942
393397
392940
392936
390142
388950
387897
387890
386676
380411
378682
377065
374223
370707
370596
370379
370139
366908
366752
364631
362658
361479
361289
357265
357121
356409
354404
353601
353290
350390
349000
348038
346953
340931
340007
339749
339098
334349
334048
333202
329453
326496
325766
325309
325307
321278
320671
319283
317382
316473
311149
310229
306343
306247
306087
299656
299347
298228
298219
298110
296960
296952
296676
296236
294378
293150
291873
291212
288325
288025
282754
282202
279017
273002
272909
269786
269587
266212
266106
263479
259450
259125
257616
256014
253617
252892
251894
250841
250113
246863
241166
240046
237937
236779
235370
235287
234752
233360
233282
229846
229601
229531
227682
225548
224413
223711
223459
222422
220826
220629
220083
215931
215339
215242
214087
212433
210590
210376
209482
209297
208972
208556
206938
205760
204446
204346
204273
204102
200314
199233
198587
197738
191053
190711
189988
188962
188908
187733
187411
187396
187178
186803
186089
180791
180585
178711
178524
177364
177076
175635
171897
169747
169114
167075
165163
164875
164119
163442
163103
159556
158722
158104
157561
155868
155594
155077
153975
153516
152652
150631
149021
147512
146990
145764
144906
144420
144210
143351
140353
139376
137258
134171
133493
132556
129814
129124
128910
128617
128138
127147
126843
126123
126050
125306
125242
124008
121255
120925
120422
120120
119494
116939
116025
115974
115664
115656
115567
114364
114253
113328
109761
109728
109529
109496
108796
107827
106164
104933
103303
102849
102774
102768
102252
101744
101246
98968
97267
97252
96993
96606
96592
96575
95643
94414
92735
92616
91114
89511
87861
86885
86344
86289
84180
84085
83941
83657
83377
82261
81815
81696
81563
81515
80620
78875
78244
77661
76357
76318
75373
75146
74976
74058
74038
73536
72778
72033
70488
70128
68715
68452
68088
67804
67577
66990
66934
65900
65656
65000
64484
63905
63897
63793
63320
62759
62339
61204
60978
60806
60322
59706
59577
58777
57645
57500
57221
57063
55416
51726
50536
50527
50356
50307
49220
47468
44582
44018
43901
43567
43296
42843
42839
42068
41640
41135
40803
40360
39869
39154
38564
37780
37688
36544
36068
35978
35569
33024
32928
32813
32346
32276
31897
31885
30993
30406
28879
27800
27350
26097
25876
23782
21787
19750
19639
17051
16823
16689
15728
13281
10619
8495
1626684
1263610
1105344
1085001
979545
978171
973173
861253
774893
694134
675744
672739
626567
585671
578685
550277
514782
506508
505722
469394
459524
420690
412115
354552
352634
348437
342810
339164
335442
327261
318074
316207
307960
295438
285984
269466
262669
250501
247704
247427
223073
217191
215581
214201
205373
196045
178041
145100
139333
137372
135281
131559
127487
123813
122261
121939
120593
117807
113560
111422
109255
108809
102346
91153
88441
88133
83375
80291
79338
74967
67342
63584
62825
61121
59837
59637
59506
59219
57895
56189
55385
53846
52998
51265
48896
48793
47895
40277
39504
38530
38125
36706
36546
33865
33313
33013
31423
29584
22249
20709
18841
17130
12547
11913
11041
9161
8153
7982
7587
7482
7145
7055
963489
527526
524472
408141
313541
267185
194230
362009
275231
198292
161639
107491
470563
459368
305288
259007
296391
267409
219860
207437
198146
196037
190608
171196
169714
145504
134334
129094
113463
113441
107465
104038
98781
96570
94491
94354
93663
92677
90380
85400
75521
74682
66257
65235
54743
53262
52636
50767
43896
43396
41996
40403
39036
38669
36780
31389
29497
25418
24516
22519
19868
19644
17756
17738
16556
14172
13489
13339
10817
10189
10134
527559
466107
341768
322498
142122
132370
79474
72367
61371
51163
44908
329001
65510
56390
41249
28036
23004
21969
19117
18956
16224
15809
15474
13112
12855
12825
12685
9635
42890
170125
107422
98800
9252
48460
39557
27594
15476
12278
39226
24729
23616
21053
12228
12059
10141
9158
9043
